[
   [
      0,
      573,
      76,
      2320,
      87,
      121,
      220,
      36,
      192,
      153,
      639,
      70,
      258,
      336,
      77,
      171,
      668,
      43,
      172,
      88,
      303,
      158,
      101,
      266,
      230,
      956,
      198,
      752,
      516,
      44,
      265,
      114,
      1333,
      279,
      177,
      370,
      14,
      139,
      709,
      885,
      118,
      66,
      198,
      191,
      329,
      693,
      392,
      788,
      107,
      436
   ],
   [
      573,
      0,
      2960,
      67868,
      2082,
      2040,
      1919,
      772,
      4180,
      3708,
      2848,
      150,
      12733,
      11281,
      1666,
      5714,
      34024,
      496,
      1624,
      2634,
      17925,
      2154,
      1536,
      12319,
      7213,
      51849,
      5359,
      24139,
      24383,
      1449,
      2019,
      3215,
      6208,
      18322,
      4852,
      22029,
      50,
      5500,
      11557,
      46629,
      11143,
      3771,
      1053,
      3989,
      8378,
      34804,
      7550,
      31630,
      2046,
      20857
   ],
   [
      76,
      2960,
      0,
      10381,
      842,
      221,
      259,
      79,
      1255,
      615,
      267,
      18,
      1604,
      1686,
      230,
      1064,
      2910,
      51,
      269,
      505,
      1432,
      342,
      214,
      1887,
      807,
      4024,
      882,
      1878,
      2112,
      281,
      250,
      485,
      673,
      2122,
      626,
      2472,
      12,
      869,
      1043,
      4064,
      1090,
      1821,
      146,
      627,
      1490,
      3670,
      724,
      3152,
      249,
      2308
   ],
   [
      2320,
      67868,
      10381,
      0,
      9405,
      7221,
      7678,
      2860,
      17243,
      12978,
      10621,
      778,
      39092,
      43442,
      5661,
      13042,
      70278,
      1774,
      6772,
      9250,
      41241,
      7195,
      5053,
      41343,
      13294,
      119659,
      16311,
      61388,
      59258,
      4050,
      7717,
      9368,
      23183,
      51624,
      14061,
      58650,
      145,
      16427,
      30719,
      115579,
      22271,
      12167,
      4888,
      13393,
      33551,
      92470,
      18269,
      86259,
      6485,
      57467
   ],
   [
      87,
      2082,
      842,
      9405,
      0,
      183,
      262,
      59,
      589,
      543,
      431,
      27,
      1641,
      1945,
      253,
      737,
      2322,
      112,
      399,
      320,
      1520,
      357,
      178,
      1623,
      505,
      3378,
      633,
      2023,
      2002,
      140,
      269,
      276,
      711,
      1791,
      403,
      1779,
      21,
      452,
      1345,
      3601,
      607,
      732,
      247,
      494,
      1506,
      3019,
      699,
      2628,
      247,
      1776
   ],
   [
      121,
      2040,
      221,
      7221,
      183,
      0,
      214,
      9200,
      426,
      806,
      224,
      23,
      998,
      1031,
      336,
      416,
      2086,
      186,
      321,
      453,
      1005,
      238,
      278,
      914,
      387,
      3599,
      727,
      3208,
      1831,
      175,
      407,
      462,
      812,
      1721,
      716,
      1547,
      14,
      855,
      790,
      3088,
      590,
      237,
      193,
      455,
      971,
      2258,
      614,
      2355,
      636,
      1339
   ],
   [
      220,
      1919,
      259,
      7678,
      262,
      214,
      0,
      74,
      584,
      1978,
      2419,
      193,
      1529,
      1070,
      244,
      730,
      2231,
      98,
      1017,
      626,
      1109,
      594,
      146,
      1069,
      616,
      3694,
      1028,
      3045,
      2003,
      110,
      1713,
      385,
      1857,
      1912,
      787,
      1670,
      30,
      572,
      3354,
      3358,
      692,
      294,
      525,
      888,
      985,
      2991,
      524,
      3405,
      1064,
      2406
   ],
   [
      36,
      772,
      79,
      2860,
      59,
      9200,
      74,
      0,
      182,
      201,
      61,
      12,
      338,
      326,
      143,
      140,
      718,
      83,
      107,
      148,
      362,
      102,
      132,
      314,
      150,
      1185,
      246,
      1044,
      602,
      59,
      124,
      185,
      269,
      560,
      297,
      489,
      6,
      334,
      282,
      1090,
      165,
      91,
      69,
      196,
      354,
      739,
      273,
      781,
      204,
      408
   ],
   [
      192,
      4180,
      1255,
      17243,
      589,
      426,
      584,
      182,
      0,
      841,
      757,
      41,
      3329,
      4156,
      420,
      998,
      4497,
      98,
      356,
      804,
      3539,
      619,
      310,
      4088,
      2072,
      8734,
      1229,
      4544,
      5332,
      328,
      508,
      847,
      1578,
      4424,
      1572,
      5602,
      17,
      1683,
      1801,
      8784,
      1700,
      1187,
      236,
      1250,
      3589,
      7381,
      1291,
      7219,
      517,
      5155
   ],
   [
      153,
      3708,
      615,
      12978,
      543,
      806,
      1978,
      201,
      841,
      0,
      1629,
      64,
      2829,
      1953,
      685,
      1509,
      4524,
      388,
      1464,
      1273,
      1988,
      1465,
      279,
      2265,
      725,
      6767,
      2044,
      7746,
      3803,
      105,
      1540,
      768,
      2272,
      6372,
      1097,
      4596,
      25,
      1329,
      5139,
      6789,
      2090,
      525,
      1017,
      1343,
      1410,
      6839,
      745,
      7258,
      3322,
      5534
   ],
   [
      639,
      2848,
      267,
      10621,
      431,
      224,
      2419,
      61,
      757,
      1629,
      0,
      2613,
      1530,
      1589,
      255,
      830,
      3302,
      97,
      832,
      414,
      1593,
      1324,
      352,
      1325,
      940,
      4991,
      1003,
      4765,
      3053,
      132,
      1638,
      582,
      4872,
      2028,
      872,
      2174,
      27,
      608,
      7145,
      4643,
      768,
      299,
      539,
      1148,
      1567,
      3631,
      1046,
      4806,
      986,
      2563
   ],
   [
      70,
      150,
      18,
      778,
      27,
      23,
      193,
      12,
      41,
      64,
      2613,
      0,
      84,
      62,
      17,
      34,
      194,
      6,
      70,
      23,
      91,
      147,
      24,
      72,
      45,
      283,
      56,
      284,
      155,
      13,
      115,
      23,
      374,
      79,
      73,
      78,
      2,
      42,
      645,
      264,
      19,
      15,
      28,
      57,
      114,
      154,
      55,
      257,
      62,
      124
   ],
   [
      258,
      12733,
      1604,
      39092,
      1641,
      998,
      1529,
      338,
      3329,
      2829,
      1530,
      84,
      0,
      8967,
      1001,
      2673,
      13523,
      336,
      1006,
      1936,
      8744,
      1280,
      817,
      9518,
      2310,
      22468,
      3347,
      12911,
      12787,
      721,
      1194,
      1750,
      3040,
      12578,
      2889,
      14224,
      36,
      3536,
      5172,
      23030,
      6352,
      1782,
      800,
      2330,
      7115,
      20502,
      3321,
      18170,
      1128,
      14202
   ],
   [
      336,
      11281,
      1686,
      43442,
      1945,
      1031,
      1070,
      326,
      4156,
      1953,
      1589,
      62,
      8967,
      0,
      665,
      3077,
      12268,
      326,
      1063,
      1436,
      10608,
      1138,
      657,
      12423,
      2847,
      26210,
      2779,
      14592,
      16390,
      820,
      1098,
      1306,
      3098,
      11509,
      2125,
      14715,
      33,
      2206,
      5738,
      24511,
      4138,
      1858,
      796,
      1970,
      11239,
      21571,
      3932,
      17690,
      1057,
      13529
   ],
   [
      77,
      1666,
      230,
      5661,
      253,
      336,
      244,
      143,
      420,
      685,
      255,
      17,
      1001,
      665,
      0,
      462,
      1639,
      213,
      227,
      482,
      788,
      176,
      175,
      673,
      370,
      2671,
      734,
      1899,
      1298,
      141,
      300,
      791,
      670,
      2133,
      1420,
      1363,
      24,
      1603,
      742,
      2373,
      522,
      239,
      246,
      1161,
      617,
      1959,
      459,
      1946,
      312,
      1149
   ],
   [
      171,
      5714,
      1064,
      13042,
      737,
      416,
      730,
      140,
      998,
      1509,
      830,
      34,
      2673,
      3077,
      462,
      0,
      6078,
      219,
      674,
      977,
      2860,
      524,
      320,
      2623,
      2836,
      7676,
      1563,
      4838,
      4472,
      197,
      699,
      635,
      1664,
      3741,
      778,
      5094,
      44,
      940,
      3689,
      7088,
      2373,
      1066,
      571,
      845,
      2219,
      7122,
      1355,
      5724,
      646,
      5014
   ],
   [
      668,
      34024,
      2910,
      70278,
      2322,
      2086,
      2231,
      718,
      4497,
      4524,
      3302,
      194,
      13523,
      12268,
      1639,
      6078,
      0,
      490,
      1878,
      2672,
      17631,
      2335,
      1994,
      12097,
      7416,
      51007,
      5455,
      25277,
      25698,
      1859,
      2153,
      3121,
      6269,
      18773,
      4469,
      22198,
      61,
      5262,
      11441,
      49251,
      11323,
      3549,
      1158,
      4171,
      9909,
      36272,
      8339,
      35859,
      2268,
      23117
   ],
   [
      43,
      496,
      51,
      1774,
      112,
      186,
      98,
      83,
      98,
      388,
      97,
      6,
      336,
      326,
      213,
      219,
      490,
      0,
      234,
      88,
      337,
      129,
      68,
      222,
      143,
      900,
      168,
      1108,
      394,
      41,
      135,
      110,
      315,
      522,
      153,
      346,
      23,
      166,
      438,
      733,
      134,
      76,
      1264,
      73,
      288,
      603,
      128,
      526,
      119,
      309
   ],
   [
      172,
      1624,
      269,
      6772,
      399,
      321,
      1017,
      107,
      356,
      1464,
      832,
      70,
      1006,
      1063,
      227,
      674,
      1878,
      234,
      0,
      313,
      984,
      422,
      115,
      837,
      385,
      3041,
      678,
      3094,
      1687,
      83,
      907,
      230,
      3302,
      1791,
      502,
      1417,
      57,
      365,
      2091,
      2712,
      587,
      252,
      768,
      431,
      881,
      2413,
      372,
      2378,
      535,
      1864
   ],
   [
      88,
      2634,
      505,
      9250,
      320,
      453,
      626,
      148,
      804,
      1273,
      414,
      23,
      1936,
      1436,
      482,
      977,
      2672,
      88,
      313,
      0,
      1454,
      276,
      166,
      1591,
      615,
      4225,
      6547,
      2557,
      2292,
      111,
      677,
      796,
      1105,
      3908,
      1283,
      2951,
      20,
      1844,
      1269,
      4170,
      1455,
      613,
      254,
      1278,
      1014,
      4138,
      642,
      3562,
      771,
      3202
   ],
   [
      303,
      17925,
      1432,
      41241,
      1520,
      1005,
      1109,
      362,
      3539,
      1988,
      1593,
      91,
      8744,
      10608,
      788,
      2860,
      17631,
      337,
      984,
      1454,
      0,
      1118,
      798,
      9064,
      3358,
      31575,
      2973,
      16055,
      18626,
      1028,
      1064,
      1518,
      3235,
      12250,
      2157,
      14354,
      34,
      2247,
      5582,
      31160,
      5037,
      2303,
      573,
      1821,
      8171,
      21467,
      4092,
      20855,
      1220,
      13696
   ],
   [
      158,
      2154,
      342,
      7195,
      357,
      238,
      594,
      102,
      619,
      1465,
      1324,
      147,
      1280,
      1138,
      176,
      524,
      2335,
      129,
      422,
      276,
      1118,
      0,
      302,
      1343,
      457,
      3520,
      598,
      3328,
      1913,
      97,
      477,
      336,
      1495,
      1636,
      464,
      1812,
      21,
      519,
      6240,
      3383,
      822,
      279,
      245,
      457,
      1037,
      2736,
      521,
      2997,
      1086,
      1988
   ],
   [
      101,
      1536,
      214,
      5053,
      178,
      278,
      146,
      132,
      310,
      279,
      352,
      24,
      817,
      657,
      175,
      320,
      1994,
      68,
      115,
      166,
      798,
      302,
      0,
      750,
      390,
      2574,
      336,
      1378,
      1217,
      129,
      175,
      220,
      464,
      883,
      286,
      1211,
      21,
      365,
      964,
      2488,
      464,
      212,
      105,
      193,
      680,
      1828,
      1110,
      1937,
      221,
      1032
   ],
   [
      266,
      12319,
      1887,
      41343,
      1623,
      914,
      1069,
      314,
      4088,
      2265,
      1325,
      72,
      9518,
      12423,
      673,
      2623,
      12097,
      222,
      837,
      1591,
      9064,
      1343,
      750,
      0,
      2262,
      23061,
      2730,
      12868,
      14807,
      679,
      1150,
      1283,
      2777,
      11404,
      1972,
      17172,
      34,
      2419,
      4837,
      22574,
      5064,
      1946,
      564,
      2063,
      8819,
      22827,
      2927,
      17622,
      1046,
      15647
   ],
   [
      230,
      7213,
      807,
      13294,
      505,
      387,
      616,
      150,
      2072,
      725,
      940,
      45,
      2310,
      2847,
      370,
      2836,
      7416,
      143,
      385,
      615,
      3358,
      457,
      390,
      2262,
      0,
      9357,
      1152,
      4543,
      5064,
      375,
      484,
      701,
      1625,
      3155,
      1169,
      4573,
      25,
      1028,
      3587,
      8751,
      1950,
      1183,
      266,
      1010,
      2289,
      6470,
      2205,
      6234,
      535,
      4237
   ],
   [
      956,
      51849,
      4024,
      119659,
      3378,
      3599,
      3694,
      1185,
      8734,
      6767,
      4991,
      283,
      22468,
      26210,
      2671,
      7676,
      51007,
      900,
      3041,
      4225,
      31575,
      3520,
      2574,
      23061,
      9357,
      0,
      8868,
      45396,
      45797,
      2575,
      3714,
      5055,
      10349,
      32713,
      7422,
      38398,
      88,
      8708,
      17195,
      85207,
      15606,
      4791,
      1953,
      6510,
      18988,
      59760,
      11544,
      58110,
      3628,
      37399
   ],
   [
      198,
      5359,
      882,
      16311,
      633,
      727,
      1028,
      246,
      1229,
      2044,
      1003,
      56,
      3347,
      2779,
      734,
      1563,
      5455,
      168,
      678,
      6547,
      2973,
      598,
      336,
      2730,
      1152,
      8868,
      0,
      5393,
      4839,
      255,
      1226,
      1296,
      2337,
      6817,
      2254,
      5081,
      29,
      2853,
      2748,
      8642,
      2411,
      960,
      433,
      2157,
      1911,
      7500,
      1379,
      7498,
      1304,
      5676
   ],
   [
      752,
      24139,
      1878,
      61388,
      2023,
      3208,
      3045,
      1044,
      4544,
      7746,
      4765,
      284,
      12911,
      14592,
      1899,
      4838,
      25277,
      1108,
      3094,
      2557,
      16055,
      3328,
      1378,
      12868,
      4543,
      45396,
      5393,
      0,
      25182,
      1262,
      3106,
      2518,
      7800,
      21020,
      3482,
      20041,
      53,
      3907,
      16222,
      41287,
      7713,
      1949,
      2185,
      3600,
      10932,
      31944,
      5976,
      31836,
      5270,
      21344
   ],
   [
      516,
      24383,
      2112,
      59258,
      2002,
      1831,
      2003,
      602,
      5332,
      3803,
      3053,
      155,
      12787,
      16390,
      1298,
      4472,
      25698,
      394,
      1687,
      2292,
      18626,
      1913,
      1217,
      14807,
      5064,
      45797,
      4839,
      25182,
      0,
      1255,
      1965,
      2708,
      5514,
      18974,
      4150,
      23263,
      65,
      4298,
      9909,
      44799,
      6842,
      2313,
      1118,
      3880,
      11747,
      32677,
      6084,
      34423,
      2044,
      21383
   ],
   [
      44,
      1449,
      281,
      4050,
      140,
      175,
      110,
      59,
      328,
      105,
      132,
      13,
      721,
      820,
      141,
      197,
      1859,
      41,
      83,
      111,
      1028,
      97,
      129,
      679,
      375,
      2575,
      255,
      1262,
      1255,
      0,
      94,
      135,
      310,
      954,
      196,
      1003,
      8,
      240,
      429,
      2511,
      410,
      244,
      40,
      173,
      824,
      1559,
      651,
      1551,
      130,
      1008
   ],
   [
      265,
      2019,
      250,
      7717,
      269,
      407,
      1713,
      124,
      508,
      1540,
      1638,
      115,
      1194,
      1098,
      300,
      699,
      2153,
      135,
      907,
      677,
      1064,
      477,
      175,
      1150,
      484,
      3714,
      1226,
      3106,
      1965,
      94,
      0,
      457,
      5451,
      2021,
      773,
      1801,
      21,
      750,
      2325,
      3249,
      748,
      283,
      703,
      804,
      908,
      2891,
      507,
      3297,
      739,
      2069
   ],
   [
      114,
      3215,
      485,
      9368,
      276,
      462,
      385,
      185,
      847,
      768,
      582,
      23,
      1750,
      1306,
      791,
      635,
      3121,
      110,
      230,
      796,
      1518,
      336,
      220,
      1283,
      701,
      5055,
      1296,
      2518,
      2708,
      135,
      457,
      0,
      960,
      2876,
      2284,
      2841,
      20,
      3459,
      1202,
      4915,
      1324,
      422,
      225,
      1929,
      877,
      3952,
      870,
      4041,
      404,
      2863
   ],
   [
      1333,
      6208,
      673,
      23183,
      711,
      812,
      1857,
      269,
      1578,
      2272,
      4872,
      374,
      3040,
      3098,
      670,
      1664,
      6269,
      315,
      3302,
      1105,
      3235,
      1495,
      464,
      2777,
      1625,
      10349,
      2337,
      7800,
      5514,
      310,
      5451,
      960,
      0,
      4326,
      2111,
      4502,
      41,
      1649,
      6650,
      9129,
      1904,
      834,
      1669,
      2137,
      2808,
      7198,
      1941,
      8619,
      1490,
      5145
   ],
   [
      279,
      18322,
      2122,
      51624,
      1791,
      1721,
      1912,
      560,
      4424,
      6372,
      2028,
      79,
      12578,
      11509,
      2133,
      3741,
      18773,
      522,
      1791,
      3908,
      12250,
      1636,
      883,
      11404,
      3155,
      32713,
      6817,
      21020,
      18974,
      954,
      2021,
      2876,
      4326,
      0,
      5018,
      20012,
      44,
      5678,
      7009,
      32681,
      8060,
      2225,
      1081,
      4175,
      7711,
      29054,
      3847,
      29002,
      2450,
      19822
   ],
   [
      177,
      4852,
      626,
      14061,
      403,
      716,
      787,
      297,
      1572,
      1097,
      872,
      73,
      2889,
      2125,
      1420,
      778,
      4469,
      153,
      502,
      1283,
      2157,
      464,
      286,
      1972,
      1169,
      7422,
      2254,
      3482,
      4150,
      196,
      773,
      2284,
      2111,
      5018,
      0,
      4969,
      22,
      9654,
      1593,
      6967,
      2255,
      671,
      472,
      3821,
      1323,
      5939,
      1620,
      6573,
      618,
      4130
   ],
   [
      370,
      22029,
      2472,
      58650,
      1779,
      1547,
      1670,
      489,
      5602,
      4596,
      2174,
      78,
      14224,
      14715,
      1363,
      5094,
      22198,
      346,
      1417,
      2951,
      14354,
      1812,
      1211,
      17172,
      4573,
      38398,
      5081,
      20041,
      23263,
      1003,
      1801,
      2841,
      4502,
      20012,
      4969,
      0,
      57,
      6257,
      7774,
      38548,
      13939,
      3182,
      809,
      4010,
      10716,
      37652,
      5235,
      31832,
      1881,
      32793
   ],
   [
      14,
      50,
      12,
      145,
      21,
      14,
      30,
      6,
      17,
      25,
      27,
      2,
      36,
      33,
      24,
      44,
      61,
      23,
      57,
      20,
      34,
      21,
      21,
      34,
      25,
      88,
      29,
      53,
      65,
      8,
      21,
      20,
      41,
      44,
      22,
      57,
      0,
      10,
      41,
      93,
      29,
      7,
      21,
      27,
      34,
      94,
      30,
      86,
      25,
      102
   ],
   [
      139,
      5500,
      869,
      16427,
      452,
      855,
      572,
      334,
      1683,
      1329,
      608,
      42,
      3536,
      2206,
      1603,
      940,
      5262,
      166,
      365,
      1844,
      2247,
      519,
      365,
      2419,
      1028,
      8708,
      2853,
      3907,
      4298,
      240,
      750,
      3459,
      1649,
      5678,
      9654,
      6257,
      10,
      0,
      1431,
      8121,
      2923,
      745,
      389,
      3158,
      1395,
      7129,
      1454,
      6851,
      602,
      4774
   ],
   [
      709,
      11557,
      1043,
      30719,
      1345,
      790,
      3354,
      282,
      1801,
      5139,
      7145,
      645,
      5172,
      5738,
      742,
      3689,
      11441,
      438,
      2091,
      1269,
      5582,
      6240,
      964,
      4837,
      3587,
      17195,
      2748,
      16222,
      9909,
      429,
      2325,
      1202,
      6650,
      7009,
      1593,
      7774,
      41,
      1431,
      0,
      15557,
      3386,
      1081,
      1049,
      2151,
      4739,
      12256,
      3122,
      13002,
      4440,
      8544
   ],
   [
      885,
      46629,
      4064,
      115579,
      3601,
      3088,
      3358,
      1090,
      8784,
      6789,
      4643,
      264,
      23030,
      24511,
      2373,
      7088,
      49251,
      733,
      2712,
      4170,
      31160,
      3383,
      2488,
      22574,
      8751,
      85207,
      8642,
      41287,
      44799,
      2511,
      3249,
      4915,
      9129,
      32681,
      6967,
      38548,
      93,
      8121,
      15557,
      0,
      15599,
      4812,
      1678,
      6464,
      17940,
      59318,
      10905,
      59536,
      3463,
      38307
   ],
   [
      118,
      11143,
      1090,
      22271,
      607,
      590,
      692,
      165,
      1700,
      2090,
      768,
      19,
      6352,
      4138,
      522,
      2373,
      11323,
      134,
      587,
      1455,
      5037,
      822,
      464,
      5064,
      1950,
      15606,
      2411,
      7713,
      6842,
      410,
      748,
      1324,
      1904,
      8060,
      2255,
      13939,
      29,
      2923,
      3386,
      15599,
      0,
      1286,
      331,
      1693,
      2592,
      15725,
      2551,
      12455,
      801,
      14148
   ],
   [
      66,
      3771,
      1821,
      12167,
      732,
      237,
      294,
      91,
      1187,
      525,
      299,
      15,
      1782,
      1858,
      239,
      1066,
      3549,
      76,
      252,
      613,
      2303,
      279,
      212,
      1946,
      1183,
      4791,
      960,
      1949,
      2313,
      244,
      283,
      422,
      834,
      2225,
      671,
      3182,
      7,
      745,
      1081,
      4812,
      1286,
      0,
      147,
      531,
      2309,
      4070,
      903,
      3316,
      270,
      2591
   ],
   [
      198,
      1053,
      146,
      4888,
      247,
      193,
      525,
      69,
      236,
      1017,
      539,
      28,
      800,
      796,
      246,
      571,
      1158,
      1264,
      768,
      254,
      573,
      245,
      105,
      564,
      266,
      1953,
      433,
      2185,
      1118,
      40,
      703,
      225,
      1669,
      1081,
      472,
      809,
      21,
      389,
      1049,
      1678,
      331,
      147,
      0,
      256,
      575,
      1554,
      401,
      1618,
      208,
      794
   ],
   [
      191,
      3989,
      627,
      13393,
      494,
      455,
      888,
      196,
      1250,
      1343,
      1148,
      57,
      2330,
      1970,
      1161,
      845,
      4171,
      73,
      431,
      1278,
      1821,
      457,
      193,
      2063,
      1010,
      6510,
      2157,
      3600,
      3880,
      173,
      804,
      1929,
      2137,
      4175,
      3821,
      4010,
      27,
      3158,
      2151,
      6464,
      1693,
      531,
      256,
      0,
      1322,
      5653,
      1054,
      6347,
      705,
      5572
   ],
   [
      329,
      8378,
      1490,
      33551,
      1506,
      971,
      985,
      354,
      3589,
      1410,
      1567,
      114,
      7115,
      11239,
      617,
      2219,
      9909,
      288,
      881,
      1014,
      8171,
      1037,
      680,
      8819,
      2289,
      18988,
      1911,
      10932,
      11747,
      824,
      908,
      877,
      2808,
      7711,
      1323,
      10716,
      34,
      1395,
      4739,
      17940,
      2592,
      2309,
      575,
      1322,
      0,
      15032,
      2737,
      13230,
      894,
      9560
   ],
   [
      693,
      34804,
      3670,
      92470,
      3019,
      2258,
      2991,
      739,
      7381,
      6839,
      3631,
      154,
      20502,
      21571,
      1959,
      7122,
      36272,
      603,
      2413,
      4138,
      21467,
      2736,
      1828,
      22827,
      6470,
      59760,
      7500,
      31944,
      32677,
      1559,
      2891,
      3952,
      7198,
      29054,
      5939,
      37652,
      94,
      7129,
      12256,
      59318,
      15725,
      4070,
      1554,
      5653,
      15032,
      0,
      7814,
      46758,
      2789,
      38829
   ],
   [
      392,
      7550,
      724,
      18269,
      699,
      614,
      524,
      273,
      1291,
      745,
      1046,
      55,
      3321,
      3932,
      459,
      1355,
      8339,
      128,
      372,
      642,
      4092,
      521,
      1110,
      2927,
      2205,
      11544,
      1379,
      5976,
      6084,
      651,
      507,
      870,
      1941,
      3847,
      1620,
      5235,
      30,
      1454,
      3122,
      10905,
      2551,
      903,
      401,
      1054,
      2737,
      7814,
      0,
      7688,
      542,
      4959
   ],
   [
      788,
      31630,
      3152,
      86259,
      2628,
      2355,
      3405,
      781,
      7219,
      7258,
      4806,
      257,
      18170,
      17690,
      1946,
      5724,
      35859,
      526,
      2378,
      3562,
      20855,
      2997,
      1937,
      17622,
      6234,
      58110,
      7498,
      31836,
      34423,
      1551,
      3297,
      4041,
      8619,
      29002,
      6573,
      31832,
      86,
      6851,
      13002,
      59536,
      12455,
      3316,
      1618,
      6347,
      13230,
      46758,
      7688,
      0,
      3377,
      32469
   ],
   [
      107,
      2046,
      249,
      6485,
      247,
      636,
      1064,
      204,
      517,
      3322,
      986,
      62,
      1128,
      1057,
      312,
      646,
      2268,
      119,
      535,
      771,
      1220,
      1086,
      221,
      1046,
      535,
      3628,
      1304,
      5270,
      2044,
      130,
      739,
      404,
      1490,
      2450,
      618,
      1881,
      25,
      602,
      4440,
      3463,
      801,
      270,
      208,
      705,
      894,
      2789,
      542,
      3377,
      0,
      2253
   ],
   [
      436,
      20857,
      2308,
      57467,
      1776,
      1339,
      2406,
      408,
      5155,
      5534,
      2563,
      124,
      14202,
      13529,
      1149,
      5014,
      23117,
      309,
      1864,
      3202,
      13696,
      1988,
      1032,
      15647,
      4237,
      37399,
      5676,
      21344,
      21383,
      1008,
      2069,
      2863,
      5145,
      19822,
      4130,
      32793,
      102,
      4774,
      8544,
      38307,
      14148,
      2591,
      794,
      5572,
      9560,
      38829,
      4959,
      32469,
      2253,
      0
   ]
]
